100000,800.000000,250.000000,500.000000,100.000000,250.000000,0,0.069158,0.070081
100000,800.000000,250.000000,500.000000,100.000000,250.000000,1,0.581504,0.542705
100000,800.000000,250.000000,500.000000,100.000000,250.000000,2,0.218574,0.225980
100000,800.000000,250.000000,500.000000,100.000000,250.000000,3,0.081517,0.094097
100000,800.000000,250.000000,500.000000,100.000000,250.000000,4,0.030695,0.039182
100000,800.000000,250.000000,500.000000,100.000000,250.000000,5,0.011698,0.016315
100000,800.000000,250.000000,500.000000,100.000000,250.000000,6,0.004247,0.006794
100000,800.000000,250.000000,500.000000,100.000000,250.000000,7,0.001647,0.002829
100000,800.000000,250.000000,500.000000,100.000000,250.000000,8,0.000655,0.001178
100000,800.000000,250.000000,500.000000,100.000000,250.000000,9,0.000184,0.000490
100000,800.000000,250.000000,500.000000,100.000000,250.000000,10,0.000095,0.000204
100000,800.000000,250.000000,500.000000,100.000000,250.000000,11,0.000013,0.000085
100000,800.000000,250.000000,500.000000,100.000000,250.000000,12,0.000013,0.000035

100000,500.000000,50.000000,200.000000,70.000000,100.000000,0,0.150528,0.135413
100000,500.000000,50.000000,200.000000,70.000000,100.000000,1,0.319478,0.523258
100000,500.000000,50.000000,200.000000,70.000000,100.000000,2,0.168601,0.206576
100000,500.000000,50.000000,200.000000,70.000000,100.000000,3,0.101550,0.081554
100000,500.000000,50.000000,200.000000,70.000000,100.000000,4,0.068319,0.032197
100000,500.000000,50.000000,200.000000,70.000000,100.000000,5,0.048838,0.012711
100000,500.000000,50.000000,200.000000,70.000000,100.000000,6,0.036309,0.005018
100000,500.000000,50.000000,200.000000,70.000000,100.000000,7,0.026980,0.001981
100000,500.000000,50.000000,200.000000,70.000000,100.000000,8,0.020568,0.000782
100000,500.000000,50.000000,200.000000,70.000000,100.000000,9,0.015375,0.000309
100000,500.000000,50.000000,200.000000,70.000000,100.000000,10,0.011287,0.000122
100000,500.000000,50.000000,200.000000,70.000000,100.000000,11,0.008369,0.000048
100000,500.000000,50.000000,200.000000,70.000000,100.000000,12,0.006045,0.000019
100000,500.000000,50.000000,200.000000,70.000000,100.000000,13,0.004446,0.000008
100000,500.000000,50.000000,200.000000,70.000000,100.000000,14,0.003465,0.000003
100000,500.000000,50.000000,200.000000,70.000000,100.000000,15,0.002523,0.000001
100000,500.000000,50.000000,200.000000,70.000000,100.000000,16,0.001934,0.000000
100000,500.000000,50.000000,200.000000,70.000000,100.000000,17,0.001408,0.000000
100000,500.000000,50.000000,200.000000,70.000000,100.000000,18,0.000976,0.000000
100000,500.000000,50.000000,200.000000,70.000000,100.000000,19,0.000649,0.000000
100000,500.000000,50.000000,200.000000,70.000000,100.000000,20,0.000566,0.000000
100000,500.000000,50.000000,200.000000,70.000000,100.000000,21,0.000455,0.000000
100000,500.000000,50.000000,200.000000,70.000000,100.000000,22,0.000340,0.000000
100000,500.000000,50.000000,200.000000,70.000000,100.000000,23,0.000286,0.000000
100000,500.000000,50.000000,200.000000,70.000000,100.000000,24,0.000186,0.000000
100000,500.000000,50.000000,200.000000,70.000000,100.000000,25,0.000157,0.000000
100000,500.000000,50.000000,200.000000,70.000000,100.000000,26,0.000080,0.000000
100000,500.000000,50.000000,200.000000,70.000000,100.000000,27,0.000057,0.000000
100000,500.000000,50.000000,200.000000,70.000000,100.000000,28,0.000043,0.000000
100000,500.000000,50.000000,200.000000,70.000000,100.000000,29,0.000054,0.000000
100000,500.000000,50.000000,200.000000,70.000000,100.000000,30,0.000051,0.000000
100000,500.000000,50.000000,200.000000,70.000000,100.000000,31,0.000023,0.000000
100000,500.000000,50.000000,200.000000,70.000000,100.000000,32,0.000003,0.000000
100000,500.000000,50.000000,200.000000,70.000000,100.000000,33,0.000017,0.000000
100000,500.000000,50.000000,200.000000,70.000000,100.000000,34,0.000011,0.000000
100000,500.000000,50.000000,200.000000,70.000000,100.000000,36,0.000003,0.000000
100000,500.000000,50.000000,200.000000,70.000000,100.000000,39,0.000009,0.000000
100000,500.000000,50.000000,200.000000,70.000000,100.000000,40,0.000003,0.000000
100000,500.000000,50.000000,200.000000,70.000000,100.000000,41,0.000003,0.000000
100000,500.000000,50.000000,200.000000,70.000000,100.000000,43,0.000003,0.000000

5,500.000000,50.000000,200.000000,70.000000,100.000000,0,0.055556,0.135413
5,500.000000,50.000000,200.000000,70.000000,100.000000,1,0.277778,0.523258
5,500.000000,50.000000,200.000000,70.000000,100.000000,2,0.166667,0.206576
5,500.000000,50.000000,200.000000,70.000000,100.000000,3,0.166667,0.081554
5,500.000000,50.000000,200.000000,70.000000,100.000000,4,0.055556,0.032197
5,500.000000,50.000000,200.000000,70.000000,100.000000,5,0.055556,0.012711
5,500.000000,50.000000,200.000000,70.000000,100.000000,6,0.055556,0.005018
5,500.000000,50.000000,200.000000,70.000000,100.000000,7,0.055556,0.001981
5,500.000000,50.000000,200.000000,70.000000,100.000000,9,0.055556,0.000309
5,500.000000,50.000000,200.000000,70.000000,100.000000,13,0.055556,0.000008

5,500.000000,50.000000,200.000000,70.000000,100.000000,0,0.071429,0.135413
5,500.000000,50.000000,200.000000,70.000000,100.000000,1,0.642857,0.523258
5,500.000000,50.000000,200.000000,70.000000,100.000000,2,0.214286,0.206576
5,500.000000,50.000000,200.000000,70.000000,100.000000,3,0.071429,0.081554

5,500.000000,50.000000,200.000000,70.000000,100.000000,0,0.062500,0.135413
5,500.000000,50.000000,200.000000,70.000000,100.000000,1,0.875000,0.523258
5,500.000000,50.000000,200.000000,70.000000,100.000000,2,0.062500,0.206576

5,500.000000,50.000000,200.000000,70.000000,100.000000,0,0.333333,0.135413
5,500.000000,50.000000,200.000000,70.000000,100.000000,1,0.666667,0.523258

5,500.000000,50.000000,200.000000,70.000000,100.000000,0,0.409091,0.135413
5,500.000000,50.000000,200.000000,70.000000,100.000000,1,0.500000,0.523258
5,500.000000,50.000000,200.000000,70.000000,100.000000,2,0.090909,0.206576


10000,500.000000,50.000000,200.000000,70.000000,100.000000,0,1.000000,0.135413

10000,500.000000,50.000000,200.000000,70.000000,100.000000,0,0.234729,0.135413
10000,500.000000,50.000000,200.000000,70.000000,100.000000,1,0.522787,0.523258
10000,500.000000,50.000000,200.000000,70.000000,100.000000,2,0.146477,0.206576
10000,500.000000,50.000000,200.000000,70.000000,100.000000,3,0.057297,0.081554
10000,500.000000,50.000000,200.000000,70.000000,100.000000,4,0.022912,0.032197
10000,500.000000,50.000000,200.000000,70.000000,100.000000,5,0.009508,0.012711
10000,500.000000,50.000000,200.000000,70.000000,100.000000,6,0.003431,0.005018
10000,500.000000,50.000000,200.000000,70.000000,100.000000,7,0.001537,0.001981
10000,500.000000,50.000000,200.000000,70.000000,100.000000,8,0.000786,0.000782
10000,500.000000,50.000000,200.000000,70.000000,100.000000,9,0.000214,0.000309
10000,500.000000,50.000000,200.000000,70.000000,100.000000,10,0.000250,0.000122
10000,500.000000,50.000000,200.000000,70.000000,100.000000,12,0.000036,0.000019
10000,500.000000,50.000000,200.000000,70.000000,100.000000,15,0.000036,0.000001

100000,500.000000,50.000000,200.000000,70.000000,100.000000,0,0.233127,0.135413
100000,500.000000,50.000000,200.000000,70.000000,100.000000,1,0.527298,0.523258
100000,500.000000,50.000000,200.000000,70.000000,100.000000,2,0.145054,0.206576
100000,500.000000,50.000000,200.000000,70.000000,100.000000,3,0.057351,0.081554
100000,500.000000,50.000000,200.000000,70.000000,100.000000,4,0.022459,0.032197
100000,500.000000,50.000000,200.000000,70.000000,100.000000,5,0.008827,0.012711
100000,500.000000,50.000000,200.000000,70.000000,100.000000,6,0.003540,0.005018
100000,500.000000,50.000000,200.000000,70.000000,100.000000,7,0.001437,0.001981
100000,500.000000,50.000000,200.000000,70.000000,100.000000,8,0.000553,0.000782
100000,500.000000,50.000000,200.000000,70.000000,100.000000,9,0.000214,0.000309
100000,500.000000,50.000000,200.000000,70.000000,100.000000,10,0.000086,0.000122
100000,500.000000,50.000000,200.000000,70.000000,100.000000,11,0.000046,0.000048
100000,500.000000,50.000000,200.000000,70.000000,100.000000,12,0.000007,0.000019
100000,500.000000,50.000000,200.000000,70.000000,100.000000,13,0.000004,0.000008

5,500.000000,50.000000,200.000000,70.000000,100.000000,0,0.090909,0.135413
5,500.000000,50.000000,200.000000,70.000000,100.000000,1,0.454545,0.523258
5,500.000000,50.000000,200.000000,70.000000,100.000000,2,0.272727,0.206576
5,500.000000,50.000000,200.000000,70.000000,100.000000,3,0.090909,0.081554
5,500.000000,50.000000,200.000000,70.000000,100.000000,4,0.090909,0.032197

5,500.000000,50.000000,200.000000,70.000000,100.000000,0,0.272727,0.135413
5,500.000000,50.000000,200.000000,70.000000,100.000000,1,0.454545,0.523258
5,500.000000,50.000000,200.000000,70.000000,100.000000,2,0.272727,0.206576

10000,500.000000,50.000000,200.000000,70.000000,100.000000,0,0.231687,0.135413
10000,500.000000,50.000000,200.000000,70.000000,100.000000,1,0.533295,0.523258
10000,500.000000,50.000000,200.000000,70.000000,100.000000,2,0.140022,0.206576
10000,500.000000,50.000000,200.000000,70.000000,100.000000,3,0.057349,0.081554
10000,500.000000,50.000000,200.000000,70.000000,100.000000,4,0.024215,0.032197
10000,500.000000,50.000000,200.000000,70.000000,100.000000,5,0.007809,0.012711
10000,500.000000,50.000000,200.000000,70.000000,100.000000,6,0.003367,0.005018
10000,500.000000,50.000000,200.000000,70.000000,100.000000,7,0.001397,0.001981
10000,500.000000,50.000000,200.000000,70.000000,100.000000,8,0.000537,0.000782
10000,500.000000,50.000000,200.000000,70.000000,100.000000,9,0.000143,0.000309
10000,500.000000,50.000000,200.000000,70.000000,100.000000,10,0.000107,0.000122
10000,500.000000,50.000000,200.000000,70.000000,100.000000,11,0.000072,0.000048

10000,500.000000,50.000000,200.000000,70.000000,100.000000,0,0.140885,0.135413
10000,500.000000,50.000000,200.000000,70.000000,100.000000,1,0.549865,0.523258
10000,500.000000,50.000000,200.000000,70.000000,100.000000,2,0.197738,0.206576
10000,500.000000,50.000000,200.000000,70.000000,100.000000,3,0.071346,0.081554
10000,500.000000,50.000000,200.000000,70.000000,100.000000,4,0.025416,0.032197
10000,500.000000,50.000000,200.000000,70.000000,100.000000,5,0.009891,0.012711
10000,500.000000,50.000000,200.000000,70.000000,100.000000,6,0.003096,0.005018
10000,500.000000,50.000000,200.000000,70.000000,100.000000,7,0.001075,0.001981
10000,500.000000,50.000000,200.000000,70.000000,100.000000,8,0.000473,0.000782
10000,500.000000,50.000000,200.000000,70.000000,100.000000,9,0.000172,0.000309
10000,500.000000,50.000000,200.000000,70.000000,100.000000,10,0.000043,0.000122

