100000,600.000000,150.000000,300.000000,100.000000,150.000000,0,13006,0.130060,0.136962
100000,600.000000,150.000000,300.000000,100.000000,150.000000,1,26970,0.269700,0.268409
100000,600.000000,150.000000,300.000000,100.000000,150.000000,2,18542,0.185420,0.184933
100000,600.000000,150.000000,300.000000,100.000000,150.000000,3,12936,0.129360,0.127418
100000,600.000000,150.000000,300.000000,100.000000,150.000000,4,8933,0.089330,0.087790
100000,600.000000,150.000000,300.000000,100.000000,150.000000,5,5967,0.059670,0.060487
100000,600.000000,150.000000,300.000000,100.000000,150.000000,6,4213,0.042130,0.041675
100000,600.000000,150.000000,300.000000,100.000000,150.000000,7,2937,0.029370,0.028714
100000,600.000000,150.000000,300.000000,100.000000,150.000000,8,2016,0.020160,0.019784
100000,600.000000,150.000000,300.000000,100.000000,150.000000,9,1414,0.014140,0.013631
100000,600.000000,150.000000,300.000000,100.000000,150.000000,10,912,0.009120,0.009392
100000,600.000000,150.000000,300.000000,100.000000,150.000000,11,671,0.006710,0.006471
100000,600.000000,150.000000,300.000000,100.000000,150.000000,12,473,0.004730,0.004458
100000,600.000000,150.000000,300.000000,100.000000,150.000000,13,292,0.002920,0.003072
100000,600.000000,150.000000,300.000000,100.000000,150.000000,14,238,0.002380,0.002116
100000,600.000000,150.000000,300.000000,100.000000,150.000000,15,156,0.001560,0.001458
100000,600.000000,150.000000,300.000000,100.000000,150.000000,16,107,0.001070,0.001005
100000,600.000000,150.000000,300.000000,100.000000,150.000000,17,63,0.000630,0.000692
100000,600.000000,150.000000,300.000000,100.000000,150.000000,18,50,0.000500,0.000477
100000,600.000000,150.000000,300.000000,100.000000,150.000000,19,38,0.000380,0.000329
100000,600.000000,150.000000,300.000000,100.000000,150.000000,20,24,0.000240,0.000226
100000,600.000000,150.000000,300.000000,100.000000,150.000000,21,9,0.000090,0.000156
100000,600.000000,150.000000,300.000000,100.000000,150.000000,22,11,0.000110,0.000107
100000,600.000000,150.000000,300.000000,100.000000,150.000000,23,3,0.000030,0.000074
100000,600.000000,150.000000,300.000000,100.000000,150.000000,24,3,0.000030,0.000051
100000,600.000000,150.000000,300.000000,100.000000,150.000000,25,6,0.000060,0.000035
100000,600.000000,150.000000,300.000000,100.000000,150.000000,26,3,0.000030,0.000024
100000,600.000000,150.000000,300.000000,100.000000,150.000000,27,4,0.000040,0.000017
100000,600.000000,150.000000,300.000000,100.000000,150.000000,28,2,0.000020,0.000011
100000,600.000000,150.000000,300.000000,100.000000,150.000000,30,1,0.000010,0.000005

100000,600.000000,150.000000,300.000000,100.000000,150.000000,0,12744,0.127440,0.136962
100000,600.000000,150.000000,300.000000,100.000000,150.000000,1,26864,0.268640,0.268409
100000,600.000000,150.000000,300.000000,100.000000,150.000000,2,18989,0.189890,0.184933
100000,600.000000,150.000000,300.000000,100.000000,150.000000,3,12984,0.129840,0.127418
100000,600.000000,150.000000,300.000000,100.000000,150.000000,4,8836,0.088360,0.087790
100000,600.000000,150.000000,300.000000,100.000000,150.000000,5,6126,0.061260,0.060487
100000,600.000000,150.000000,300.000000,100.000000,150.000000,6,4221,0.042210,0.041675
100000,600.000000,150.000000,300.000000,100.000000,150.000000,7,2896,0.028960,0.028714
100000,600.000000,150.000000,300.000000,100.000000,150.000000,8,1989,0.019890,0.019784
100000,600.000000,150.000000,300.000000,100.000000,150.000000,9,1349,0.013490,0.013631
100000,600.000000,150.000000,300.000000,100.000000,150.000000,10,968,0.009680,0.009392
100000,600.000000,150.000000,300.000000,100.000000,150.000000,11,625,0.006250,0.006471
100000,600.000000,150.000000,300.000000,100.000000,150.000000,12,444,0.004440,0.004458
100000,600.000000,150.000000,300.000000,100.000000,150.000000,13,292,0.002920,0.003072
100000,600.000000,150.000000,300.000000,100.000000,150.000000,14,215,0.002150,0.002116
100000,600.000000,150.000000,300.000000,100.000000,150.000000,15,147,0.001470,0.001458
100000,600.000000,150.000000,300.000000,100.000000,150.000000,16,97,0.000970,0.001005
100000,600.000000,150.000000,300.000000,100.000000,150.000000,17,61,0.000610,0.000692
100000,600.000000,150.000000,300.000000,100.000000,150.000000,18,50,0.000500,0.000477
100000,600.000000,150.000000,300.000000,100.000000,150.000000,19,29,0.000290,0.000329
100000,600.000000,150.000000,300.000000,100.000000,150.000000,20,16,0.000160,0.000226
100000,600.000000,150.000000,300.000000,100.000000,150.000000,21,22,0.000220,0.000156
100000,600.000000,150.000000,300.000000,100.000000,150.000000,22,5,0.000050,0.000107
100000,600.000000,150.000000,300.000000,100.000000,150.000000,23,10,0.000100,0.000074
100000,600.000000,150.000000,300.000000,100.000000,150.000000,24,3,0.000030,0.000051
100000,600.000000,150.000000,300.000000,100.000000,150.000000,25,5,0.000050,0.000035
100000,600.000000,150.000000,300.000000,100.000000,150.000000,26,4,0.000040,0.000024
100000,600.000000,150.000000,300.000000,100.000000,150.000000,27,2,0.000020,0.000017
100000,600.000000,150.000000,300.000000,100.000000,150.000000,28,3,0.000030,0.000011
100000,600.000000,150.000000,300.000000,100.000000,150.000000,30,2,0.000020,0.000005
100000,600.000000,150.000000,300.000000,100.000000,150.000000,32,1,0.000010,0.000003
100000,600.000000,150.000000,300.000000,100.000000,150.000000,33,1,0.000010,0.000002

100000,800.000000,150.000000,500.000000,100.000000,300.000000,0,6830,0.068300,0.072261
100000,800.000000,150.000000,500.000000,100.000000,300.000000,1,28832,0.288320,0.285229
100000,800.000000,150.000000,500.000000,100.000000,300.000000,2,19674,0.196740,0.197537
100000,800.000000,150.000000,500.000000,100.000000,300.000000,3,13616,0.136160,0.136805
100000,800.000000,150.000000,500.000000,100.000000,300.000000,4,9614,0.096140,0.094745
100000,800.000000,150.000000,500.000000,100.000000,300.000000,5,6551,0.065510,0.065616
100000,800.000000,150.000000,500.000000,100.000000,300.000000,6,4583,0.045830,0.045443
100000,800.000000,150.000000,500.000000,100.000000,300.000000,7,3265,0.032650,0.031471
100000,800.000000,150.000000,500.000000,100.000000,300.000000,8,2264,0.022640,0.021796
100000,800.000000,150.000000,500.000000,100.000000,300.000000,9,1490,0.014900,0.015095
100000,800.000000,150.000000,500.000000,100.000000,300.000000,10,967,0.009670,0.010454
100000,800.000000,150.000000,500.000000,100.000000,300.000000,11,716,0.007160,0.007240
100000,800.000000,150.000000,500.000000,100.000000,300.000000,12,502,0.005020,0.005014
100000,800.000000,150.000000,500.000000,100.000000,300.000000,13,353,0.003530,0.003472
100000,800.000000,150.000000,500.000000,100.000000,300.000000,14,234,0.002340,0.002405
100000,800.000000,150.000000,500.000000,100.000000,300.000000,15,155,0.001550,0.001666
100000,800.000000,150.000000,500.000000,100.000000,300.000000,16,104,0.001040,0.001153
100000,800.000000,150.000000,500.000000,100.000000,300.000000,17,78,0.000780,0.000799
100000,800.000000,150.000000,500.000000,100.000000,300.000000,18,56,0.000560,0.000553
100000,800.000000,150.000000,500.000000,100.000000,300.000000,19,36,0.000360,0.000383
100000,800.000000,150.000000,500.000000,100.000000,300.000000,20,28,0.000280,0.000265
100000,800.000000,150.000000,500.000000,100.000000,300.000000,21,14,0.000140,0.000184
100000,800.000000,150.000000,500.000000,100.000000,300.000000,22,7,0.000070,0.000127
100000,800.000000,150.000000,500.000000,100.000000,300.000000,23,11,0.000110,0.000088
100000,800.000000,150.000000,500.000000,100.000000,300.000000,24,6,0.000060,0.000061
100000,800.000000,150.000000,500.000000,100.000000,300.000000,25,2,0.000020,0.000042
100000,800.000000,150.000000,500.000000,100.000000,300.000000,26,5,0.000050,0.000029
100000,800.000000,150.000000,500.000000,100.000000,300.000000,27,3,0.000030,0.000020
100000,800.000000,150.000000,500.000000,100.000000,300.000000,28,2,0.000020,0.000014
100000,800.000000,150.000000,500.000000,100.000000,300.000000,32,1,0.000010,0.000003
100000,800.000000,150.000000,500.000000,100.000000,300.000000,35,1,0.000010,0.000001

100000,800.000000,150.000000,500.000000,100.000000,300.000000,0,6706,0.067060,0.072261
100000,800.000000,150.000000,500.000000,100.000000,300.000000,1,28598,0.285980,0.285229
100000,800.000000,150.000000,500.000000,100.000000,300.000000,2,19775,0.197750,0.197537
100000,800.000000,150.000000,500.000000,100.000000,300.000000,3,13785,0.137850,0.136805
100000,800.000000,150.000000,500.000000,100.000000,300.000000,4,9634,0.096340,0.094745
100000,800.000000,150.000000,500.000000,100.000000,300.000000,5,6740,0.067400,0.065616
100000,800.000000,150.000000,500.000000,100.000000,300.000000,6,4576,0.045760,0.045443
100000,800.000000,150.000000,500.000000,100.000000,300.000000,7,3042,0.030420,0.031471
100000,800.000000,150.000000,500.000000,100.000000,300.000000,8,2208,0.022080,0.021796
100000,800.000000,150.000000,500.000000,100.000000,300.000000,9,1479,0.014790,0.015095
100000,800.000000,150.000000,500.000000,100.000000,300.000000,10,1050,0.010500,0.010454
100000,800.000000,150.000000,500.000000,100.000000,300.000000,11,750,0.007500,0.007240
100000,800.000000,150.000000,500.000000,100.000000,300.000000,12,515,0.005150,0.005014
100000,800.000000,150.000000,500.000000,100.000000,300.000000,13,364,0.003640,0.003472
100000,800.000000,150.000000,500.000000,100.000000,300.000000,14,229,0.002290,0.002405
100000,800.000000,150.000000,500.000000,100.000000,300.000000,15,166,0.001660,0.001666
100000,800.000000,150.000000,500.000000,100.000000,300.000000,16,123,0.001230,0.001153
100000,800.000000,150.000000,500.000000,100.000000,300.000000,17,77,0.000770,0.000799
100000,800.000000,150.000000,500.000000,100.000000,300.000000,18,59,0.000590,0.000553
100000,800.000000,150.000000,500.000000,100.000000,300.000000,19,37,0.000370,0.000383
100000,800.000000,150.000000,500.000000,100.000000,300.000000,20,29,0.000290,0.000265
100000,800.000000,150.000000,500.000000,100.000000,300.000000,21,8,0.000080,0.000184
100000,800.000000,150.000000,500.000000,100.000000,300.000000,22,16,0.000160,0.000127
100000,800.000000,150.000000,500.000000,100.000000,300.000000,23,8,0.000080,0.000088
100000,800.000000,150.000000,500.000000,100.000000,300.000000,24,8,0.000080,0.000061
100000,800.000000,150.000000,500.000000,100.000000,300.000000,25,2,0.000020,0.000042
100000,800.000000,150.000000,500.000000,100.000000,300.000000,26,6,0.000060,0.000029
100000,800.000000,150.000000,500.000000,100.000000,300.000000,27,4,0.000040,0.000020
100000,800.000000,150.000000,500.000000,100.000000,300.000000,28,3,0.000030,0.000014
100000,800.000000,150.000000,500.000000,100.000000,300.000000,29,2,0.000020,0.000010
100000,800.000000,150.000000,500.000000,100.000000,300.000000,32,1,0.000010,0.000003

100000,800.000000,150.000000,500.000000,100.000000,300.000000,0,6557,0.065570,0.065838
100000,800.000000,150.000000,500.000000,100.000000,300.000000,1,28766,0.287660,0.287204
100000,800.000000,150.000000,500.000000,100.000000,300.000000,2,19913,0.199130,0.198904
100000,800.000000,150.000000,500.000000,100.000000,300.000000,3,13724,0.137240,0.137752
100000,800.000000,150.000000,500.000000,100.000000,300.000000,4,9631,0.096310,0.095401
100000,800.000000,150.000000,500.000000,100.000000,300.000000,5,6545,0.065450,0.066070
100000,800.000000,150.000000,500.000000,100.000000,300.000000,6,4565,0.045650,0.045757
100000,800.000000,150.000000,500.000000,100.000000,300.000000,7,3193,0.031930,0.031689
100000,800.000000,150.000000,500.000000,100.000000,300.000000,8,2219,0.022190,0.021947
100000,800.000000,150.000000,500.000000,100.000000,300.000000,9,1559,0.015590,0.015199
100000,800.000000,150.000000,500.000000,100.000000,300.000000,10,1017,0.010170,0.010526
100000,800.000000,150.000000,500.000000,100.000000,300.000000,11,716,0.007160,0.007290
100000,800.000000,150.000000,500.000000,100.000000,300.000000,12,482,0.004820,0.005049
100000,800.000000,150.000000,500.000000,100.000000,300.000000,13,357,0.003570,0.003497
100000,800.000000,150.000000,500.000000,100.000000,300.000000,14,235,0.002350,0.002422
100000,800.000000,150.000000,500.000000,100.000000,300.000000,15,162,0.001620,0.001677
100000,800.000000,150.000000,500.000000,100.000000,300.000000,16,120,0.001200,0.001161
100000,800.000000,150.000000,500.000000,100.000000,300.000000,17,80,0.000800,0.000804
100000,800.000000,150.000000,500.000000,100.000000,300.000000,18,52,0.000520,0.000557
100000,800.000000,150.000000,500.000000,100.000000,300.000000,19,34,0.000340,0.000386
100000,800.000000,150.000000,500.000000,100.000000,300.000000,20,22,0.000220,0.000267
100000,800.000000,150.000000,500.000000,100.000000,300.000000,21,14,0.000140,0.000185
100000,800.000000,150.000000,500.000000,100.000000,300.000000,22,9,0.000090,0.000128
100000,800.000000,150.000000,500.000000,100.000000,300.000000,23,9,0.000090,0.000089
100000,800.000000,150.000000,500.000000,100.000000,300.000000,24,3,0.000030,0.000061
100000,800.000000,150.000000,500.000000,100.000000,300.000000,25,8,0.000080,0.000043
100000,800.000000,150.000000,500.000000,100.000000,300.000000,26,3,0.000030,0.000029
100000,800.000000,150.000000,500.000000,100.000000,300.000000,29,1,0.000010,0.000010
100000,800.000000,150.000000,500.000000,100.000000,300.000000,31,2,0.000020,0.000005
100000,800.000000,150.000000,500.000000,100.000000,300.000000,32,1,0.000010,0.000003
100000,800.000000,150.000000,500.000000,100.000000,300.000000,34,1,0.000010,0.000002

100000,1000.000000,150.000000,600.000000,50.000000,300.000000,0,3467,0.034670,0.033628
100000,1000.000000,150.000000,600.000000,50.000000,300.000000,1,22551,0.225510,0.226983
100000,1000.000000,150.000000,600.000000,50.000000,300.000000,2,17419,0.174190,0.173669
100000,1000.000000,150.000000,600.000000,50.000000,300.000000,3,13439,0.134390,0.132877
100000,1000.000000,150.000000,600.000000,50.000000,300.000000,4,9883,0.098830,0.101667
100000,1000.000000,150.000000,600.000000,50.000000,300.000000,5,7759,0.077590,0.077787
100000,1000.000000,150.000000,600.000000,50.000000,300.000000,6,6006,0.060060,0.059516
100000,1000.000000,150.000000,600.000000,50.000000,300.000000,7,4525,0.045250,0.045537
100000,1000.000000,150.000000,600.000000,50.000000,300.000000,8,3511,0.035110,0.034841
100000,1000.000000,150.000000,600.000000,50.000000,300.000000,9,2636,0.026360,0.026658
100000,1000.000000,150.000000,600.000000,50.000000,300.000000,10,1997,0.019970,0.020396
100000,1000.000000,150.000000,600.000000,50.000000,300.000000,11,1575,0.015750,0.015606
100000,1000.000000,150.000000,600.000000,50.000000,300.000000,12,1233,0.012330,0.011940
100000,1000.000000,150.000000,600.000000,50.000000,300.000000,13,951,0.009510,0.009136
100000,1000.000000,150.000000,600.000000,50.000000,300.000000,14,718,0.007180,0.006990
100000,1000.000000,150.000000,600.000000,50.000000,300.000000,15,552,0.005520,0.005348
100000,1000.000000,150.000000,600.000000,50.000000,300.000000,16,414,0.004140,0.004092
100000,1000.000000,150.000000,600.000000,50.000000,300.000000,17,311,0.003110,0.003131
100000,1000.000000,150.000000,600.000000,50.000000,300.000000,18,237,0.002370,0.002395
100000,1000.000000,150.000000,600.000000,50.000000,300.000000,19,184,0.001840,0.001833
100000,1000.000000,150.000000,600.000000,50.000000,300.000000,20,137,0.001370,0.001402
100000,1000.000000,150.000000,600.000000,50.000000,300.000000,21,109,0.001090,0.001073
100000,1000.000000,150.000000,600.000000,50.000000,300.000000,22,82,0.000820,0.000821
100000,1000.000000,150.000000,600.000000,50.000000,300.000000,23,81,0.000810,0.000628
100000,1000.000000,150.000000,600.000000,50.000000,300.000000,24,52,0.000520,0.000481
100000,1000.000000,150.000000,600.000000,50.000000,300.000000,25,48,0.000480,0.000368
100000,1000.000000,150.000000,600.000000,50.000000,300.000000,26,40,0.000400,0.000281
100000,1000.000000,150.000000,600.000000,50.000000,300.000000,27,25,0.000250,0.000215
100000,1000.000000,150.000000,600.000000,50.000000,300.000000,28,12,0.000120,0.000165
100000,1000.000000,150.000000,600.000000,50.000000,300.000000,29,14,0.000140,0.000126
100000,1000.000000,150.000000,600.000000,50.000000,300.000000,30,8,0.000080,0.000096
100000,1000.000000,150.000000,600.000000,50.000000,300.000000,31,7,0.000070,0.000074
100000,1000.000000,150.000000,600.000000,50.000000,300.000000,32,4,0.000040,0.000056
100000,1000.000000,150.000000,600.000000,50.000000,300.000000,33,2,0.000020,0.000043
100000,1000.000000,150.000000,600.000000,50.000000,300.000000,34,5,0.000050,0.000033
100000,1000.000000,150.000000,600.000000,50.000000,300.000000,35,2,0.000020,0.000025
100000,1000.000000,150.000000,600.000000,50.000000,300.000000,36,1,0.000010,0.000019
100000,1000.000000,150.000000,600.000000,50.000000,300.000000,37,2,0.000020,0.000015
100000,1000.000000,150.000000,600.000000,50.000000,300.000000,39,1,0.000010,0.000009

100000,300.000000,150.000000,50.000000,50.000000,25.000000,0,39427,0.394270,0.395161
100000,300.000000,150.000000,50.000000,50.000000,25.000000,1,23029,0.230290,0.231050
100000,300.000000,150.000000,50.000000,50.000000,25.000000,2,14305,0.143050,0.142788
100000,300.000000,150.000000,50.000000,50.000000,25.000000,3,8856,0.088560,0.088243
100000,300.000000,150.000000,50.000000,50.000000,25.000000,4,5530,0.055300,0.054534
100000,300.000000,150.000000,50.000000,50.000000,25.000000,5,3369,0.033690,0.033702
100000,300.000000,150.000000,50.000000,50.000000,25.000000,6,2065,0.020650,0.020828
100000,300.000000,150.000000,50.000000,50.000000,25.000000,7,1379,0.013790,0.012871
100000,300.000000,150.000000,50.000000,50.000000,25.000000,8,770,0.007700,0.007954
100000,300.000000,150.000000,50.000000,50.000000,25.000000,9,481,0.004810,0.004916
100000,300.000000,150.000000,50.000000,50.000000,25.000000,10,316,0.003160,0.003038
100000,300.000000,150.000000,50.000000,50.000000,25.000000,11,175,0.001750,0.001877
100000,300.000000,150.000000,50.000000,50.000000,25.000000,12,117,0.001170,0.001160
100000,300.000000,150.000000,50.000000,50.000000,25.000000,13,72,0.000720,0.000717
100000,300.000000,150.000000,50.000000,50.000000,25.000000,14,41,0.000410,0.000443
100000,300.000000,150.000000,50.000000,50.000000,25.000000,15,22,0.000220,0.000274
100000,300.000000,150.000000,50.000000,50.000000,25.000000,16,19,0.000190,0.000169
100000,300.000000,150.000000,50.000000,50.000000,25.000000,17,10,0.000100,0.000105
100000,300.000000,150.000000,50.000000,50.000000,25.000000,18,7,0.000070,0.000065
100000,300.000000,150.000000,50.000000,50.000000,25.000000,19,3,0.000030,0.000040
100000,300.000000,150.000000,50.000000,50.000000,25.000000,20,1,0.000010,0.000025
100000,300.000000,150.000000,50.000000,50.000000,25.000000,21,2,0.000020,0.000015
100000,300.000000,150.000000,50.000000,50.000000,25.000000,22,2,0.000020,0.000009
100000,300.000000,150.000000,50.000000,50.000000,25.000000,23,1,0.000010,0.000006
100000,300.000000,150.000000,50.000000,50.000000,25.000000,27,1,0.000010,0.000001

100000,300.000000,150.000000,50.000000,50.000000,25.000000,0,39469,0.394690,0.372760
100000,300.000000,150.000000,50.000000,50.000000,25.000000,1,22975,0.229750,0.239608
100000,300.000000,150.000000,50.000000,50.000000,25.000000,2,14312,0.143120,0.148077
100000,300.000000,150.000000,50.000000,50.000000,25.000000,3,8705,0.087050,0.091511
100000,300.000000,150.000000,50.000000,50.000000,25.000000,4,5519,0.055190,0.056553
100000,300.000000,150.000000,50.000000,50.000000,25.000000,5,3417,0.034170,0.034950
100000,300.000000,150.000000,50.000000,50.000000,25.000000,6,2209,0.022090,0.021599
100000,300.000000,150.000000,50.000000,50.000000,25.000000,7,1296,0.012960,0.013348
100000,300.000000,150.000000,50.000000,50.000000,25.000000,8,811,0.008110,0.008249
100000,300.000000,150.000000,50.000000,50.000000,25.000000,9,465,0.004650,0.005098
100000,300.000000,150.000000,50.000000,50.000000,25.000000,10,319,0.003190,0.003150
100000,300.000000,150.000000,50.000000,50.000000,25.000000,11,192,0.001920,0.001947
100000,300.000000,150.000000,50.000000,50.000000,25.000000,12,112,0.001120,0.001203
100000,300.000000,150.000000,50.000000,50.000000,25.000000,13,71,0.000710,0.000744
100000,300.000000,150.000000,50.000000,50.000000,25.000000,14,59,0.000590,0.000460
100000,300.000000,150.000000,50.000000,50.000000,25.000000,15,25,0.000250,0.000284
100000,300.000000,150.000000,50.000000,50.000000,25.000000,16,21,0.000210,0.000176
100000,300.000000,150.000000,50.000000,50.000000,25.000000,17,6,0.000060,0.000108
100000,300.000000,150.000000,50.000000,50.000000,25.000000,18,5,0.000050,0.000067
100000,300.000000,150.000000,50.000000,50.000000,25.000000,19,4,0.000040,0.000041
100000,300.000000,150.000000,50.000000,50.000000,25.000000,20,4,0.000040,0.000026
100000,300.000000,150.000000,50.000000,50.000000,25.000000,21,2,0.000020,0.000016
100000,300.000000,150.000000,50.000000,50.000000,25.000000,22,1,0.000010,0.000010
100000,300.000000,150.000000,50.000000,50.000000,25.000000,28,1,0.000010,0.000001

100000,300.000000,150.000000,50.000000,50.000000,25.000000,0,39436,0.394360,0.395161
100000,300.000000,150.000000,50.000000,50.000000,25.000000,1,23150,0.231500,0.231050
100000,300.000000,150.000000,50.000000,50.000000,25.000000,2,14348,0.143480,0.142788
100000,300.000000,150.000000,50.000000,50.000000,25.000000,3,8748,0.087480,0.088243
100000,300.000000,150.000000,50.000000,50.000000,25.000000,4,5475,0.054750,0.054534
100000,300.000000,150.000000,50.000000,50.000000,25.000000,5,3395,0.033950,0.033702
100000,300.000000,150.000000,50.000000,50.000000,25.000000,6,2102,0.021020,0.020828
100000,300.000000,150.000000,50.000000,50.000000,25.000000,7,1311,0.013110,0.012871
100000,300.000000,150.000000,50.000000,50.000000,25.000000,8,796,0.007960,0.007954
100000,300.000000,150.000000,50.000000,50.000000,25.000000,9,467,0.004670,0.004916
100000,300.000000,150.000000,50.000000,50.000000,25.000000,10,297,0.002970,0.003038
100000,300.000000,150.000000,50.000000,50.000000,25.000000,11,181,0.001810,0.001877
100000,300.000000,150.000000,50.000000,50.000000,25.000000,12,121,0.001210,0.001160
100000,300.000000,150.000000,50.000000,50.000000,25.000000,13,68,0.000680,0.000717
100000,300.000000,150.000000,50.000000,50.000000,25.000000,14,39,0.000390,0.000443
100000,300.000000,150.000000,50.000000,50.000000,25.000000,15,32,0.000320,0.000274
100000,300.000000,150.000000,50.000000,50.000000,25.000000,16,7,0.000070,0.000169
100000,300.000000,150.000000,50.000000,50.000000,25.000000,17,12,0.000120,0.000105
100000,300.000000,150.000000,50.000000,50.000000,25.000000,18,6,0.000060,0.000065
100000,300.000000,150.000000,50.000000,50.000000,25.000000,19,3,0.000030,0.000040
100000,300.000000,150.000000,50.000000,50.000000,25.000000,20,3,0.000030,0.000025
100000,300.000000,150.000000,50.000000,50.000000,25.000000,21,3,0.000030,0.000015

100000,300.000000,80.000000,150.000000,50.000000,200.000000,0,10414,0.104140,0.103557
100000,300.000000,80.000000,150.000000,50.000000,200.000000,1,34247,0.342470,0.342278
100000,300.000000,80.000000,150.000000,50.000000,200.000000,2,21010,0.210100,0.211590
100000,300.000000,80.000000,150.000000,50.000000,200.000000,3,13105,0.131050,0.130801
100000,300.000000,80.000000,150.000000,50.000000,200.000000,4,7997,0.079970,0.080859
100000,300.000000,80.000000,150.000000,50.000000,200.000000,5,5095,0.050950,0.049986
100000,300.000000,80.000000,150.000000,50.000000,200.000000,6,3047,0.030470,0.030900
100000,300.000000,80.000000,150.000000,50.000000,200.000000,7,1924,0.019240,0.019102
100000,300.000000,80.000000,150.000000,50.000000,200.000000,8,1179,0.011790,0.011808
100000,300.000000,80.000000,150.000000,50.000000,200.000000,9,728,0.007280,0.007300
100000,300.000000,80.000000,150.000000,50.000000,200.000000,10,454,0.004540,0.004513
100000,300.000000,80.000000,150.000000,50.000000,200.000000,11,302,0.003020,0.002790
100000,300.000000,80.000000,150.000000,50.000000,200.000000,12,191,0.001910,0.001724
100000,300.000000,80.000000,150.000000,50.000000,200.000000,13,121,0.001210,0.001066
100000,300.000000,80.000000,150.000000,50.000000,200.000000,14,63,0.000630,0.000659
100000,300.000000,80.000000,150.000000,50.000000,200.000000,15,49,0.000490,0.000407
100000,300.000000,80.000000,150.000000,50.000000,200.000000,16,30,0.000300,0.000252
100000,300.000000,80.000000,150.000000,50.000000,200.000000,17,18,0.000180,0.000156
100000,300.000000,80.000000,150.000000,50.000000,200.000000,18,6,0.000060,0.000096
100000,300.000000,80.000000,150.000000,50.000000,200.000000,19,6,0.000060,0.000059
100000,300.000000,80.000000,150.000000,50.000000,200.000000,20,6,0.000060,0.000037
100000,300.000000,80.000000,150.000000,50.000000,200.000000,21,2,0.000020,0.000023
100000,300.000000,80.000000,150.000000,50.000000,200.000000,22,1,0.000010,0.000014
100000,300.000000,80.000000,150.000000,50.000000,200.000000,23,2,0.000020,0.000009
100000,300.000000,80.000000,150.000000,50.000000,200.000000,24,1,0.000010,0.000005
100000,300.000000,80.000000,150.000000,50.000000,200.000000,25,1,0.000010,0.000003
100000,300.000000,80.000000,150.000000,50.000000,200.000000,29,1,0.000010,0.000000

100000,300.000000,80.000000,150.000000,50.000000,200.000000,0,10272,0.102720,0.103557
100000,300.000000,80.000000,150.000000,50.000000,200.000000,1,34523,0.345230,0.342278
100000,300.000000,80.000000,150.000000,50.000000,200.000000,2,21042,0.210420,0.211590
100000,300.000000,80.000000,150.000000,50.000000,200.000000,3,13105,0.131050,0.130801
100000,300.000000,80.000000,150.000000,50.000000,200.000000,4,8014,0.080140,0.080859
100000,300.000000,80.000000,150.000000,50.000000,200.000000,5,4935,0.049350,0.049986
100000,300.000000,80.000000,150.000000,50.000000,200.000000,6,3106,0.031060,0.030900
100000,300.000000,80.000000,150.000000,50.000000,200.000000,7,1912,0.019120,0.019102
100000,300.000000,80.000000,150.000000,50.000000,200.000000,8,1153,0.011530,0.011808
100000,300.000000,80.000000,150.000000,50.000000,200.000000,9,753,0.007530,0.007300
100000,300.000000,80.000000,150.000000,50.000000,200.000000,10,457,0.004570,0.004513
100000,300.000000,80.000000,150.000000,50.000000,200.000000,11,303,0.003030,0.002790
100000,300.000000,80.000000,150.000000,50.000000,200.000000,12,175,0.001750,0.001724
100000,300.000000,80.000000,150.000000,50.000000,200.000000,13,90,0.000900,0.001066
100000,300.000000,80.000000,150.000000,50.000000,200.000000,14,50,0.000500,0.000659
100000,300.000000,80.000000,150.000000,50.000000,200.000000,15,46,0.000460,0.000407
100000,300.000000,80.000000,150.000000,50.000000,200.000000,16,24,0.000240,0.000252
100000,300.000000,80.000000,150.000000,50.000000,200.000000,17,16,0.000160,0.000156
100000,300.000000,80.000000,150.000000,50.000000,200.000000,18,12,0.000120,0.000096
100000,300.000000,80.000000,150.000000,50.000000,200.000000,19,1,0.000010,0.000059
100000,300.000000,80.000000,150.000000,50.000000,200.000000,20,7,0.000070,0.000037
100000,300.000000,80.000000,150.000000,50.000000,200.000000,22,2,0.000020,0.000014
100000,300.000000,80.000000,150.000000,50.000000,200.000000,23,1,0.000010,0.000009
100000,300.000000,80.000000,150.000000,50.000000,200.000000,27,1,0.000010,0.000001

100000,300.000000,80.000000,150.000000,50.000000,200.000000,0,10538,0.105380,0.103557
100000,300.000000,80.000000,150.000000,50.000000,200.000000,1,34234,0.342340,0.342278
100000,300.000000,80.000000,150.000000,50.000000,200.000000,2,21176,0.211760,0.211590
100000,300.000000,80.000000,150.000000,50.000000,200.000000,3,12973,0.129730,0.130801
100000,300.000000,80.000000,150.000000,50.000000,200.000000,4,8017,0.080170,0.080859
100000,300.000000,80.000000,150.000000,50.000000,200.000000,5,4934,0.049340,0.049986
100000,300.000000,80.000000,150.000000,50.000000,200.000000,6,3045,0.030450,0.030900
100000,300.000000,80.000000,150.000000,50.000000,200.000000,7,1942,0.019420,0.019102
100000,300.000000,80.000000,150.000000,50.000000,200.000000,8,1225,0.012250,0.011808
100000,300.000000,80.000000,150.000000,50.000000,200.000000,9,696,0.006960,0.007300
100000,300.000000,80.000000,150.000000,50.000000,200.000000,10,501,0.005010,0.004513
100000,300.000000,80.000000,150.000000,50.000000,200.000000,11,279,0.002790,0.002790
100000,300.000000,80.000000,150.000000,50.000000,200.000000,12,164,0.001640,0.001724
100000,300.000000,80.000000,150.000000,50.000000,200.000000,13,106,0.001060,0.001066
100000,300.000000,80.000000,150.000000,50.000000,200.000000,14,62,0.000620,0.000659
100000,300.000000,80.000000,150.000000,50.000000,200.000000,15,42,0.000420,0.000407
100000,300.000000,80.000000,150.000000,50.000000,200.000000,16,27,0.000270,0.000252
100000,300.000000,80.000000,150.000000,50.000000,200.000000,17,16,0.000160,0.000156
100000,300.000000,80.000000,150.000000,50.000000,200.000000,18,9,0.000090,0.000096
100000,300.000000,80.000000,150.000000,50.000000,200.000000,19,5,0.000050,0.000059
100000,300.000000,80.000000,150.000000,50.000000,200.000000,20,3,0.000030,0.000037
100000,300.000000,80.000000,150.000000,50.000000,200.000000,21,3,0.000030,0.000023
100000,300.000000,80.000000,150.000000,50.000000,200.000000,22,1,0.000010,0.000014
100000,300.000000,80.000000,150.000000,50.000000,200.000000,23,1,0.000010,0.000009
100000,300.000000,80.000000,150.000000,50.000000,200.000000,30,1,0.000010,0.000000

100000,300.000000,80.000000,150.000000,50.000000,200.000000,0,10342,0.103420,0.103557
100000,300.000000,80.000000,150.000000,50.000000,200.000000,1,34207,0.342070,0.342278
100000,300.000000,80.000000,150.000000,50.000000,200.000000,2,21197,0.211970,0.211590
100000,300.000000,80.000000,150.000000,50.000000,200.000000,3,13036,0.130360,0.130801
100000,300.000000,80.000000,150.000000,50.000000,200.000000,4,8089,0.080890,0.080859
100000,300.000000,80.000000,150.000000,50.000000,200.000000,5,5107,0.051070,0.049986
100000,300.000000,80.000000,150.000000,50.000000,200.000000,6,3078,0.030780,0.030900
100000,300.000000,80.000000,150.000000,50.000000,200.000000,7,1851,0.018510,0.019102
100000,300.000000,80.000000,150.000000,50.000000,200.000000,8,1203,0.012030,0.011808
100000,300.000000,80.000000,150.000000,50.000000,200.000000,9,726,0.007260,0.007300
100000,300.000000,80.000000,150.000000,50.000000,200.000000,10,416,0.004160,0.004513
100000,300.000000,80.000000,150.000000,50.000000,200.000000,11,284,0.002840,0.002790
100000,300.000000,80.000000,150.000000,50.000000,200.000000,12,171,0.001710,0.001724
100000,300.000000,80.000000,150.000000,50.000000,200.000000,13,121,0.001210,0.001066
100000,300.000000,80.000000,150.000000,50.000000,200.000000,14,62,0.000620,0.000659
100000,300.000000,80.000000,150.000000,50.000000,200.000000,15,44,0.000440,0.000407
100000,300.000000,80.000000,150.000000,50.000000,200.000000,16,19,0.000190,0.000252
100000,300.000000,80.000000,150.000000,50.000000,200.000000,17,18,0.000180,0.000156
100000,300.000000,80.000000,150.000000,50.000000,200.000000,18,15,0.000150,0.000096
100000,300.000000,80.000000,150.000000,50.000000,200.000000,19,6,0.000060,0.000059
100000,300.000000,80.000000,150.000000,50.000000,200.000000,20,2,0.000020,0.000037
100000,300.000000,80.000000,150.000000,50.000000,200.000000,21,3,0.000030,0.000023
100000,300.000000,80.000000,150.000000,50.000000,200.000000,22,1,0.000010,0.000014
100000,300.000000,80.000000,150.000000,50.000000,200.000000,23,1,0.000010,0.000009
100000,300.000000,80.000000,150.000000,50.000000,200.000000,28,1,0.000010,0.000001

100000,300.000000,80.000000,150.000000,50.000000,200.000000,0,10357,0.103570,0.103557
100000,300.000000,80.000000,150.000000,50.000000,200.000000,1,33924,0.339240,0.342278
100000,300.000000,80.000000,150.000000,50.000000,200.000000,2,21472,0.214720,0.211590
100000,300.000000,80.000000,150.000000,50.000000,200.000000,3,12954,0.129540,0.130801
100000,300.000000,80.000000,150.000000,50.000000,200.000000,4,8124,0.081240,0.080859
100000,300.000000,80.000000,150.000000,50.000000,200.000000,5,4943,0.049430,0.049986
100000,300.000000,80.000000,150.000000,50.000000,200.000000,6,3103,0.031030,0.030900
100000,300.000000,80.000000,150.000000,50.000000,200.000000,7,1953,0.019530,0.019102
100000,300.000000,80.000000,150.000000,50.000000,200.000000,8,1191,0.011910,0.011808
100000,300.000000,80.000000,150.000000,50.000000,200.000000,9,771,0.007710,0.007300
100000,300.000000,80.000000,150.000000,50.000000,200.000000,10,468,0.004680,0.004513
100000,300.000000,80.000000,150.000000,50.000000,200.000000,11,310,0.003100,0.002790
100000,300.000000,80.000000,150.000000,50.000000,200.000000,12,168,0.001680,0.001724
100000,300.000000,80.000000,150.000000,50.000000,200.000000,13,99,0.000990,0.001066
100000,300.000000,80.000000,150.000000,50.000000,200.000000,14,56,0.000560,0.000659
100000,300.000000,80.000000,150.000000,50.000000,200.000000,15,37,0.000370,0.000407
100000,300.000000,80.000000,150.000000,50.000000,200.000000,16,29,0.000290,0.000252
100000,300.000000,80.000000,150.000000,50.000000,200.000000,17,15,0.000150,0.000156
100000,300.000000,80.000000,150.000000,50.000000,200.000000,18,10,0.000100,0.000096
100000,300.000000,80.000000,150.000000,50.000000,200.000000,19,7,0.000070,0.000059
100000,300.000000,80.000000,150.000000,50.000000,200.000000,20,5,0.000050,0.000037
100000,300.000000,80.000000,150.000000,50.000000,200.000000,21,2,0.000020,0.000023
100000,300.000000,80.000000,150.000000,50.000000,200.000000,22,1,0.000010,0.000014
100000,300.000000,80.000000,150.000000,50.000000,200.000000,23,1,0.000010,0.000009

100000,300.000000,80.000000,150.000000,50.000000,200.000000,0,10369,0.103690,0.103557
100000,300.000000,80.000000,150.000000,50.000000,200.000000,1,34511,0.345110,0.342278
100000,300.000000,80.000000,150.000000,50.000000,200.000000,2,21089,0.210890,0.211590
100000,300.000000,80.000000,150.000000,50.000000,200.000000,3,12959,0.129590,0.130801
100000,300.000000,80.000000,150.000000,50.000000,200.000000,4,7964,0.079640,0.080859
100000,300.000000,80.000000,150.000000,50.000000,200.000000,5,4946,0.049460,0.049986
100000,300.000000,80.000000,150.000000,50.000000,200.000000,6,3149,0.031490,0.030900
100000,300.000000,80.000000,150.000000,50.000000,200.000000,7,1943,0.019430,0.019102
100000,300.000000,80.000000,150.000000,50.000000,200.000000,8,1167,0.011670,0.011808
100000,300.000000,80.000000,150.000000,50.000000,200.000000,9,736,0.007360,0.007300
100000,300.000000,80.000000,150.000000,50.000000,200.000000,10,452,0.004520,0.004513
100000,300.000000,80.000000,150.000000,50.000000,200.000000,11,266,0.002660,0.002790
100000,300.000000,80.000000,150.000000,50.000000,200.000000,12,167,0.001670,0.001724
100000,300.000000,80.000000,150.000000,50.000000,200.000000,13,104,0.001040,0.001066
100000,300.000000,80.000000,150.000000,50.000000,200.000000,14,71,0.000710,0.000659
100000,300.000000,80.000000,150.000000,50.000000,200.000000,15,47,0.000470,0.000407
100000,300.000000,80.000000,150.000000,50.000000,200.000000,16,18,0.000180,0.000252
100000,300.000000,80.000000,150.000000,50.000000,200.000000,17,19,0.000190,0.000156
100000,300.000000,80.000000,150.000000,50.000000,200.000000,18,10,0.000100,0.000096
100000,300.000000,80.000000,150.000000,50.000000,200.000000,19,5,0.000050,0.000059
100000,300.000000,80.000000,150.000000,50.000000,200.000000,20,4,0.000040,0.000037
100000,300.000000,80.000000,150.000000,50.000000,200.000000,21,2,0.000020,0.000023
100000,300.000000,80.000000,150.000000,50.000000,200.000000,22,1,0.000010,0.000014
100000,300.000000,80.000000,150.000000,50.000000,200.000000,24,1,0.000010,0.000005

100000,300.000000,80.000000,150.000000,50.000000,200.000000,0,10258,0.102580,0.103557
100000,300.000000,80.000000,150.000000,50.000000,200.000000,1,34050,0.340500,0.342278
100000,300.000000,80.000000,150.000000,50.000000,200.000000,2,21324,0.213240,0.211590
100000,300.000000,80.000000,150.000000,50.000000,200.000000,3,13079,0.130790,0.130801
100000,300.000000,80.000000,150.000000,50.000000,200.000000,4,8139,0.081390,0.080859
100000,300.000000,80.000000,150.000000,50.000000,200.000000,5,5021,0.050210,0.049986
100000,300.000000,80.000000,150.000000,50.000000,200.000000,6,3168,0.031680,0.030900
100000,300.000000,80.000000,150.000000,50.000000,200.000000,7,1896,0.018960,0.019102
100000,300.000000,80.000000,150.000000,50.000000,200.000000,8,1179,0.011790,0.011808
100000,300.000000,80.000000,150.000000,50.000000,200.000000,9,731,0.007310,0.007300
100000,300.000000,80.000000,150.000000,50.000000,200.000000,10,414,0.004140,0.004513
100000,300.000000,80.000000,150.000000,50.000000,200.000000,11,270,0.002700,0.002790
100000,300.000000,80.000000,150.000000,50.000000,200.000000,12,179,0.001790,0.001724
100000,300.000000,80.000000,150.000000,50.000000,200.000000,13,104,0.001040,0.001066
100000,300.000000,80.000000,150.000000,50.000000,200.000000,14,85,0.000850,0.000659
100000,300.000000,80.000000,150.000000,50.000000,200.000000,15,32,0.000320,0.000407
100000,300.000000,80.000000,150.000000,50.000000,200.000000,16,21,0.000210,0.000252
100000,300.000000,80.000000,150.000000,50.000000,200.000000,17,19,0.000190,0.000156
100000,300.000000,80.000000,150.000000,50.000000,200.000000,18,14,0.000140,0.000096
100000,300.000000,80.000000,150.000000,50.000000,200.000000,19,7,0.000070,0.000059
100000,300.000000,80.000000,150.000000,50.000000,200.000000,20,8,0.000080,0.000037
100000,300.000000,80.000000,150.000000,50.000000,200.000000,23,1,0.000010,0.000009
100000,300.000000,80.000000,150.000000,50.000000,200.000000,24,1,0.000010,0.000005

100000,600.000000,150.000000,300.000000,100.000000,150.000000,0,12776,0.127760,0.129187
100000,600.000000,150.000000,300.000000,100.000000,150.000000,1,27098,0.270980,0.270827
100000,600.000000,150.000000,300.000000,100.000000,150.000000,2,18727,0.187270,0.186599
100000,600.000000,150.000000,300.000000,100.000000,150.000000,3,12849,0.128490,0.128566
100000,600.000000,150.000000,300.000000,100.000000,150.000000,4,8757,0.087570,0.088581
100000,600.000000,150.000000,300.000000,100.000000,150.000000,5,6170,0.061700,0.061032
100000,600.000000,150.000000,300.000000,100.000000,150.000000,6,4153,0.041530,0.042051
100000,600.000000,150.000000,300.000000,100.000000,150.000000,7,2904,0.029040,0.028973
100000,600.000000,150.000000,300.000000,100.000000,150.000000,8,2063,0.020630,0.019962
100000,600.000000,150.000000,300.000000,100.000000,150.000000,9,1379,0.013790,0.013754
100000,600.000000,150.000000,300.000000,100.000000,150.000000,10,948,0.009480,0.009476
100000,600.000000,150.000000,300.000000,100.000000,150.000000,11,640,0.006400,0.006529
100000,600.000000,150.000000,300.000000,100.000000,150.000000,12,465,0.004650,0.004499
100000,600.000000,150.000000,300.000000,100.000000,150.000000,13,341,0.003410,0.003099
100000,600.000000,150.000000,300.000000,100.000000,150.000000,14,255,0.002550,0.002136
100000,600.000000,150.000000,300.000000,100.000000,150.000000,15,135,0.001350,0.001471
100000,600.000000,150.000000,300.000000,100.000000,150.000000,16,120,0.001200,0.001014
100000,600.000000,150.000000,300.000000,100.000000,150.000000,17,65,0.000650,0.000698
100000,600.000000,150.000000,300.000000,100.000000,150.000000,18,44,0.000440,0.000481
100000,600.000000,150.000000,300.000000,100.000000,150.000000,19,43,0.000430,0.000332
100000,600.000000,150.000000,300.000000,100.000000,150.000000,20,22,0.000220,0.000228
100000,600.000000,150.000000,300.000000,100.000000,150.000000,21,13,0.000130,0.000157
100000,600.000000,150.000000,300.000000,100.000000,150.000000,22,9,0.000090,0.000108
100000,600.000000,150.000000,300.000000,100.000000,150.000000,23,9,0.000090,0.000075
100000,600.000000,150.000000,300.000000,100.000000,150.000000,24,3,0.000030,0.000051
100000,600.000000,150.000000,300.000000,100.000000,150.000000,25,2,0.000020,0.000035
100000,600.000000,150.000000,300.000000,100.000000,150.000000,26,1,0.000010,0.000024
100000,600.000000,150.000000,300.000000,100.000000,150.000000,27,1,0.000010,0.000017
100000,600.000000,150.000000,300.000000,100.000000,150.000000,28,3,0.000030,0.000012
100000,600.000000,150.000000,300.000000,100.000000,150.000000,30,2,0.000020,0.000006
100000,600.000000,150.000000,300.000000,100.000000,150.000000,31,2,0.000020,0.000004
100000,600.000000,150.000000,300.000000,100.000000,150.000000,33,1,0.000010,0.000002

100000,600.000000,150.000000,300.000000,100.000000,150.000000,0,12802,0.128020,0.129187
100000,600.000000,150.000000,300.000000,100.000000,150.000000,1,26807,0.268070,0.270827
100000,600.000000,150.000000,300.000000,100.000000,150.000000,2,18801,0.188010,0.186599
100000,600.000000,150.000000,300.000000,100.000000,150.000000,3,13039,0.130390,0.128566
100000,600.000000,150.000000,300.000000,100.000000,150.000000,4,8886,0.088860,0.088581
100000,600.000000,150.000000,300.000000,100.000000,150.000000,5,6082,0.060820,0.061032
100000,600.000000,150.000000,300.000000,100.000000,150.000000,6,4233,0.042330,0.042051
100000,600.000000,150.000000,300.000000,100.000000,150.000000,7,2883,0.028830,0.028973
100000,600.000000,150.000000,300.000000,100.000000,150.000000,8,2004,0.020040,0.019962
100000,600.000000,150.000000,300.000000,100.000000,150.000000,9,1397,0.013970,0.013754
100000,600.000000,150.000000,300.000000,100.000000,150.000000,10,965,0.009650,0.009476
100000,600.000000,150.000000,300.000000,100.000000,150.000000,11,613,0.006130,0.006529
100000,600.000000,150.000000,300.000000,100.000000,150.000000,12,456,0.004560,0.004499
100000,600.000000,150.000000,300.000000,100.000000,150.000000,13,327,0.003270,0.003099
100000,600.000000,150.000000,300.000000,100.000000,150.000000,14,225,0.002250,0.002136
100000,600.000000,150.000000,300.000000,100.000000,150.000000,15,146,0.001460,0.001471
100000,600.000000,150.000000,300.000000,100.000000,150.000000,16,102,0.001020,0.001014
100000,600.000000,150.000000,300.000000,100.000000,150.000000,17,76,0.000760,0.000698
100000,600.000000,150.000000,300.000000,100.000000,150.000000,18,46,0.000460,0.000481
100000,600.000000,150.000000,300.000000,100.000000,150.000000,19,38,0.000380,0.000332
100000,600.000000,150.000000,300.000000,100.000000,150.000000,20,18,0.000180,0.000228
100000,600.000000,150.000000,300.000000,100.000000,150.000000,21,17,0.000170,0.000157
100000,600.000000,150.000000,300.000000,100.000000,150.000000,22,18,0.000180,0.000108
100000,600.000000,150.000000,300.000000,100.000000,150.000000,23,8,0.000080,0.000075
100000,600.000000,150.000000,300.000000,100.000000,150.000000,24,8,0.000080,0.000051
100000,600.000000,150.000000,300.000000,100.000000,150.000000,25,1,0.000010,0.000035
100000,600.000000,150.000000,300.000000,100.000000,150.000000,29,1,0.000010,0.000008
100000,600.000000,150.000000,300.000000,100.000000,150.000000,31,1,0.000010,0.000004

100000,400.000000,100.000000,300.000000,60.000000,240.000000,0,7684,0.076840,0.077390
100000,400.000000,100.000000,300.000000,60.000000,240.000000,1,35608,0.356080,0.354671
100000,400.000000,100.000000,300.000000,60.000000,240.000000,2,22024,0.220240,0.218328
100000,400.000000,100.000000,300.000000,60.000000,240.000000,3,13322,0.133220,0.134398
100000,400.000000,100.000000,300.000000,60.000000,240.000000,4,8249,0.082490,0.082733
100000,400.000000,100.000000,300.000000,60.000000,240.000000,5,4962,0.049620,0.050928
100000,400.000000,100.000000,300.000000,60.000000,240.000000,6,3144,0.031440,0.031351
100000,400.000000,100.000000,300.000000,60.000000,240.000000,7,1955,0.019550,0.019299
100000,400.000000,100.000000,300.000000,60.000000,240.000000,8,1181,0.011810,0.011880
100000,400.000000,100.000000,300.000000,60.000000,240.000000,9,723,0.007230,0.007313
100000,400.000000,100.000000,300.000000,60.000000,240.000000,10,434,0.004340,0.004502
100000,400.000000,100.000000,300.000000,60.000000,240.000000,11,283,0.002830,0.002771
100000,400.000000,100.000000,300.000000,60.000000,240.000000,12,160,0.001600,0.001706
100000,400.000000,100.000000,300.000000,60.000000,240.000000,13,96,0.000960,0.001050
100000,400.000000,100.000000,300.000000,60.000000,240.000000,14,60,0.000600,0.000646
100000,400.000000,100.000000,300.000000,60.000000,240.000000,15,37,0.000370,0.000398
100000,400.000000,100.000000,300.000000,60.000000,240.000000,16,23,0.000230,0.000245
100000,400.000000,100.000000,300.000000,60.000000,240.000000,17,21,0.000210,0.000151
100000,400.000000,100.000000,300.000000,60.000000,240.000000,18,13,0.000130,0.000093
100000,400.000000,100.000000,300.000000,60.000000,240.000000,19,9,0.000090,0.000057
100000,400.000000,100.000000,300.000000,60.000000,240.000000,20,6,0.000060,0.000035
100000,400.000000,100.000000,300.000000,60.000000,240.000000,22,5,0.000050,0.000013
100000,400.000000,100.000000,300.000000,60.000000,240.000000,24,1,0.000010,0.000005

